   h    k    l      d(A)      F(real)      F(imag)          |F|         2theta          I    M ID(lambda) Phase
   1    1    0   3.355646    89.604930    10.888338      90.2641   26.54144  100.00000    4     1     1
   1    0    1   2.649172    73.691724    10.829310      74.4832   33.80797   81.06826    8     1     1
   2    0    0   2.372800    62.361039    10.775209      63.2851   37.88705   22.79836    4     1     1
   1    1    1   2.313155   -19.051798    -0.113129      19.0521   38.90277    3.89764    8     1     1
   2    1    0   2.122297    12.297268     0.077578      12.2975   42.56346    1.32886    8     1     1
   2    1    1   1.767483    75.742919    10.906887      76.5242   51.67438   66.33327   16     1     1
   2    2    0   1.677823    79.319379    10.948268      80.0714   54.65870   15.97752    4     1     1
   0    0    2   1.596500    83.887914    11.001467      84.6062   57.69640    7.88989    2     1     1
   3    1    0   1.500691    61.607644    10.835139      62.5532   61.76707   14.80921    8     1     1
   2    2    1   1.485254    -6.113186    -0.053199      6.11342   62.48072    0.13791    8     1     1
   1    1    2   1.441655    66.389452    10.888338      67.2764   64.59482   15.52950    8     1     1
   3    0    1   1.417454    76.305330    10.984465      77.0919   65.83581   19.57331    8     1     1
   3    1    1   1.358164     6.256966     0.059930      6.25725   69.10487    0.23298   16     1     1
   2    0    2   1.324586    51.879414    10.775209      52.9866   71.11751    7.88358    8     1     1
   3    2    0   1.316193    -4.144870    -0.041097      4.14507   71.64074    0.04755    8     1     1
   2    1    2   1.275820     7.557726     0.077578      7.55812   74.28015    0.29512   16     1     1
   3    2    1   1.216863    51.023157    10.788213      52.1512   78.54632   12.74564   16     1     1
   4    0    0   1.186400    59.944799    10.895070      60.9269   80.97349    4.14782    4     1     1
   2    2    2   1.156577    63.631197    10.948268      64.5662   83.52030    8.92264    8     1     1
   4    1    0   1.150977   -10.299622    -0.118675      10.3003   84.01908    0.22535    8     1     1
   3    3    0   1.118549    64.009431    10.969718      64.9426   87.04779    4.29972    4     1     1
   3    1    2   1.093451    51.973592    10.835139       53.091   89.57242   11.19274   16     1     1
   4    1    1   1.082778    54.145618    10.865790      55.2251   90.69911   11.99413   16     1     1
   4    2    0   1.061148    52.717299    10.856589      53.8236   93.08892    5.60585    8     1     1
   3    3    1   1.055649    -2.503160    -0.031748      2.50336   93.72087    0.01209    8     1     1
   1    0    3   1.038534    49.877858    10.829310      51.0399   95.75542    4.98667    8     1     1
   3    2    2   1.015563    -3.107077    -0.041097      3.10735   98.66287    0.03684   16     1     1
   1    1    3   1.014525    -8.543567    -0.113129      8.54432   98.79945    0.13926    8     1     1
   4    2    1   1.006995     6.097127     0.081381      6.09767   99.80435    0.14198   16     1     1
   4    0    2   0.952253    51.823239    10.895070      52.9561  107.98109    5.58332    8     1     1
   2    1    3   0.951397    52.625574    10.906887      53.7439  108.12308   11.51565   16     1     1
   4    3    0   0.949120     4.427383     0.062868      4.42783  108.50317    0.03922    8     1     1
   4    1    2   0.933642    -8.219055    -0.118675      8.21991  111.18604    0.27777   16     1     1
   5    1    0   0.930689    52.495067    10.916520      53.6181  111.71878    5.94528    8     1     1
   3    3    2   0.916082    55.534811    10.969718      56.6079  114.46213    6.85954    8     1     1
   5    0    1   0.909778    40.236997    10.747116      41.6475  115.70614    3.77809    8     1     1
   4    3    1   0.909778    50.027687    10.892178      51.1997  115.70614   11.41980   16     1     1
   2    2    3   0.898754    -3.547965    -0.053199      3.54836  117.97862    0.02839    8     1     1
   5    1    1   0.893507     1.422485     0.021450      1.42265  119.10751    0.00929   16     1     1
   4    2    2   0.883742    46.704450    10.856589      47.9497  121.29739   10.96499   16     1     1
   3    0    3   0.883057    55.064938    10.984465      56.1499  121.45551    7.53940    8     1     1
   5    2    0   0.881236    -0.962608    -0.014710     0.962721  121.87947    0.00223    8     1     1
   3    1    3   0.868155     3.866902     0.059930      3.86737  125.06677    0.07662   16     1     1
